499 347 6 7 1 0
143 640 8 10 1 0
539 649 8 10 1 0
301 385 6 7 1 0
553 395 6 7 1 0
874 309 5 7 1 0
202 592 8 10 1 0
176 554 8 10 1 0
205 643 8 10 1 0
494 380 6 7 1 0
704 331 6 7 1 0
817 303 5 7 1 0
689 475 6 7 1 0
182 557 8 10 1 0
318 665 8 10 1 0
841 387 6 7 1 0
220 424 6 7 1 0
149 553 8 10 1 0
278 459 6 7 1 0
395 692 8 10 1 0
289 535 8 10 1 0
279 429 6 7 1 0
538 302 5 7 1 0
115 677 8 10 1 0
694 300 5 7 1 0
534 268 5 7 1 0
756 707 8 10 1 0
241 413 6 7 1 0
2 671 8 10 1 0
980 647 8 10 2 0
216 437 6 7 1 0
412 292 5 7 1 0
491 421 6 7 1 0
126 494 8 10 1 0
11 594 8 10 1 0
268 273 5 7 1 0
434 276 5 7 1 0
733 304 5 7 1 0
737 393 6 7 1 0
795 509 8 10 1 0
228 440 6 7 1 0
502 656 8 10 1 0
418 324 6 7 1 0
458 626 8 10 1 0
546 332 6 7 1 0
938 372 6 7 1 0
844 617 8 10 1 0
690 416 6 7 1 0
981 663 8 10 1 0
942 423 6 7 1 0
767 368 6 7 1 0
264 524 8 10 1 0
71 649 8 10 1 0
431 376 6 7 1 0
899 477 6 7 1 0
30 379 5 7 1 0
247 274 5 7 1 0
700 347 6 7 1 0
489 378 6 7 1 0
651 335 6 7 1 0
20 224 5 7 1 0
323 408 6 7 1 0
929 286 5 7 1 0
518 199 5 7 1 0
735 353 6 7 1 0
308 284 5 7 1 0
530 272 5 7 1 0
465 591 8 10 1 0
360 385 6 7 1 0
97 646 8 10 1 0
655 583 8 10 1 0
937 301 5 7 1 0
859 279 5 7 1 0
473 609 8 10 1 0
690 194 3 2 1 0
775 552 8 10 1 0
356 408 6 7 1 0
804 593 8 10 1 0
990 627 8 10 2 0
647 709 8 10 1 0
354 328 6 7 1 0
828 313 5 7 1 0
420 656 8 10 1 0
74 569 8 10 1 0
848 463 6 7 1 0
626 194 3 2 1 0
386 363 6 7 1 0
327 646 8 10 1 0
684 312 5 7 1 0
860 389 6 7 1 0
829 550 8 10 1 0
415 714 8 10 1 0
824 389 6 7 1 0
638 286 5 7 1 0
477 692 8 10 1 0
452 651 8 10 1 0
49 292 5 7 1 0
779 706 8 10 1 0
597 305 5 7 1 0
790 384 6 7 1 0
913 293 5 7 1 0
362 273 5 7 1 0
567 271 5 7 1 0
313 407 6 7 1 0
527 679 8 10 1 0
511 347 6 7 1 0
514 267 5 7 1 0
783 286 5 7 1 0
136 563 8 10 1 0
599 704 8 10 1 0
601 193 3 2 1 0
503 328 6 7 1 0
802 717 8 10 1 0
984 544 8 10 1 0
408 266 5 7 1 0
433 303 5 7 1 0
43 256 5 7 1 0
710 384 6 7 1 0
976 380 6 7 1 0
411 419 6 7 1 0
307 619 8 10 1 0
509 299 5 7 1 0
165 639 8 10 1 0
615 668 8 10 1 0
491 406 6 7 1 0
832 594 8 10 1 0
678 317 6 7 1 0
392 654 8 10 1 0
876 299 5 7 1 0
803 635 8 10 1 0
944 602 8 10 1 0
163 449 6 7 1 0
466 377 6 7 1 0
918 366 6 7 1 0
863 368 6 7 1 0
922 293 5 7 1 0
757 273 5 7 1 0
975 341 6 7 1 0
445 288 5 7 1 0
280 466 6 7 1 0
858 306 5 7 1 0
39 414 6 7 1 0
505 395 6 7 1 0
905 282 5 7 1 0
252 533 8 10 1 0
286 650 8 10 1 0
749 289 5 7 1 0
719 423 6 7 1 0
174 548 8 10 1 0
710 682 8 10 1 0
865 328 6 7 1 0
296 427 6 7 1 0
764 317 6 7 1 0
235 526 8 10 1 0
435 641 8 10 1 0
143 506 8 10 1 0
557 338 6 7 1 0
750 299 5 7 1 0
692 446 6 7 1 0
522 309 5 7 1 0
638 374 6 7 1 0
506 573 8 10 1 0
681 394 6 7 1 0
181 473 6 7 1 0
356 420 6 7 1 0
333 387 6 7 1 0
725 300 5 7 1 0
339 348 6 7 1 0
84 672 8 10 1 0
355 343 6 7 1 0
622 617 8 10 1 0
983 613 8 10 1 0
299 405 6 7 1 0
17 264 5 7 1 0
866 541 8 10 1 0
820 469 6 7 1 0
357 681 8 10 1 0
647 291 5 7 1 0
694 275 5 7 1 0
144 715 8 10 1 0
192 508 8 10 1 0
805 639 8 10 1 0
293 386 6 7 1 0
683 195 3 2 1 0
711 329 6 7 1 0
359 515 8 10 1 0
441 477 6 7 1 0
490 411 6 7 1 0
372 469 6 7 1 0
34 261 5 7 1 0
722 391 6 7 1 0
449 387 6 7 1 0
621 193 3 2 1 0
892 394 6 7 1 0
50 692 8 10 1 0
444 344 6 7 1 0
991 612 8 10 1 0
853 284 5 7 1 0
250 620 8 10 1 0
284 572 8 10 1 0
772 302 5 7 1 0
536 334 6 7 1 0
866 402 6 7 1 0
87 627 8 10 1 0
42 417 6 7 1 0
413 326 6 7 1 0
294 410 6 7 1 0
892 314 5 7 1 0
521 540 8 10 1 0
332 473 6 7 1 0
627 207 5 7 1 0
45 321 5 7 1 0
794 368 6 7 1 0
901 293 5 7 1 0
705 353 6 7 1 0
430 197 3 2 1 0
42 578 8 10 1 0
85 586 8 10 1 0
644 308 5 7 1 0
636 567 8 10 1 0
361 427 6 7 1 0
825 704 8 10 2 0
505 491 8 10 1 0
975 603 8 10 2 0
867 703 8 10 1 0
274 413 6 7 1 0
22 286 5 7 1 0
638 194 3 2 1 0
804 301 5 7 1 0
308 411 6 7 1 0
532 667 8 10 1 0
383 647 8 10 1 0
495 530 8 10 1 0
365 400 6 7 1 0
580 428 6 7 1 0
211 555 8 10 1 0
858 502 8 10 1 0
933 353 6 7 1 0
274 629 8 10 1 0
140 578 8 10 1 0
550 296 5 7 1 0
484 422 6 7 1 0
331 516 8 10 1 0
298 273 5 7 1 0
965 428 6 7 1 0
156 571 8 10 1 0
907 594 8 10 1 0
381 414 6 7 1 0
500 323 6 7 1 0
814 703 8 10 1 0
921 412 6 7 1 0
795 456 6 7 1 0
794 631 8 10 1 0
612 405 6 7 1 0
121 568 8 10 1 0
975 679 8 10 2 0
530 327 6 7 1 0
439 415 6 7 1 0
116 627 8 10 1 0
619 579 8 10 1 0
734 312 5 7 1 0
369 571 8 10 1 0
475 654 8 10 1 0
114 714 8 10 1 0
76 405 6 7 1 0
341 273 5 7 1 0
474 490 7 9 1 0
574 270 5 7 1 0
578 383 6 7 1 0
572 739 8 10 1 0
479 238 5 7 1 0
553 362 6 7 1 0
843 320 6 7 1 0
991 420 6 7 1 0
464 642 8 10 1 0
542 358 6 7 1 0
418 312 5 7 1 0
280 583 8 10 1 0
718 268 5 7 1 0
479 598 8 10 1 0
376 286 5 7 1 0
159 578 8 10 1 0
867 318 6 7 1 0
589 368 6 7 1 0
700 700 8 10 1 0
420 390 6 7 1 0
568 197 3 2 1 0
366 356 6 7 1 0
383 529 8 10 1 0
868 295 5 7 1 0
346 461 6 7 1 0
717 345 6 7 1 0
427 426 6 7 1 0
407 657 8 10 1 0
185 511 8 10 1 0
829 422 6 7 1 0
951 386 6 7 1 0
766 466 6 7 1 0
776 429 6 7 1 0
671 294 5 7 1 0
579 617 8 10 1 0
980 326 5 7 1 0
480 382 6 7 1 0
668 196 3 2 1 0
469 652 8 10 1 0
964 402 6 7 1 0
383 330 6 7 1 0
770 286 5 7 1 0
894 436 6 7 1 0
116 571 8 10 1 0
914 300 5 7 1 0
542 271 5 7 1 0
354 298 5 7 1 0
842 451 6 7 1 0
126 646 8 10 1 0
542 201 5 7 1 0
931 553 8 10 1 0
714 446 6 7 1 0
872 386 6 7 1 0
766 297 5 7 1 0
380 264 5 7 1 0
973 602 8 10 2 0
913 319 6 7 1 0
474 473 6 7 1 0
789 474 6 7 1 0
754 368 6 7 1 0
741 338 6 7 1 0
768 275 5 7 1 0
382 456 6 7 1 0
43 675 8 10 1 0
318 379 6 7 1 0
710 313 5 7 1 0
500 200 5 7 1 0
348 382 6 7 1 0
449 267 5 7 1 0
594 576 8 10 1 0
55 582 8 10 1 0
488 518 8 10 1 0
415 641 8 10 1 0
424 622 8 10 1 0
515 690 8 10 1 0
851 419 6 7 1 0
567 457 6 7 1 0
893 596 8 10 1 0
382 543 8 10 1 0
321 516 8 10 1 0
274 658 8 10 1 0
329 352 6 7 1 0
382 506 8 10 1 0
529 404 6 7 1 0
978 718 8 10 1 0
267 462 6 7 1 0
676 267 5 7 1 0
429 417 6 7 1 0
527 197 3 2 1 0
734 340 6 7 1 0
849 379 6 7 1 0
274 640 8 10 1 0
172 500 8 10 1 0
321 387 6 7 1 0
406 375 6 7 1 0
527 279 5 7 1 0
445 392 6 7 1 0
873 606 8 10 1 0
887 304 5 7 1 0
921 299 5 7 1 0
823 704 8 10 2 0
931 602 8 10 1 0
126 683 8 10 1 0
595 512 8 10 1 0
699 315 6 7 1 0
928 441 6 7 1 0
814 306 5 7 1 0
564 393 6 7 1 0
560 550 8 10 1 0
558 683 8 10 1 0
888 472 6 7 1 0
209 635 8 10 1 0
340 375 6 7 1 0
872 363 6 7 1 0
541 317 6 7 1 0
199 409 6 7 1 0
698 192 3 2 1 0
936 414 6 7 1 0
614 271 5 7 1 0
536 196 3 2 1 0
458 691 8 10 1 0
586 385 6 7 1 0
898 296 5 7 1 0
117 638 8 10 1 0
707 398 6 7 1 0
639 333 6 7 1 0
327 284 5 7 1 0
846 299 5 7 1 0
856 378 6 7 1 0
856 321 6 7 1 0
890 321 6 7 1 0
915 350 6 7 1 0
31 582 8 10 1 0
637 385 6 7 1 0
506 367 6 7 1 0
668 711 8 10 1 0
519 352 6 7 1 0
555 482 6 7 1 0
549 574 8 10 1 0
272 470 6 7 1 0
327 271 5 7 1 0
521 328 6 7 1 0
730 278 5 7 1 0
569 366 6 7 1 0
844 353 6 7 1 0
982 646 8 10 2 0
236 518 8 10 1 0
780 403 6 7 1 0
559 199 5 7 1 0
802 736 8 10 1 0
435 382 6 7 1 0
905 312 5 7 1 0
304 700 8 10 1 0
921 382 6 7 1 0
420 267 5 7 1 0
551 715 8 10 1 0
376 579 8 10 1 0
129 563 8 10 1 0
792 284 5 7 1 0
347 646 8 10 1 0
747 195 3 2 1 0
694 598 8 10 1 0
797 542 8 10 1 0
634 201 5 7 1 0
604 307 5 7 1 0
850 278 5 7 1 0
766 512 8 10 1 0
412 618 8 10 1 0
325 339 6 7 1 0
259 403 6 7 1 0
194 540 8 10 1 0
340 388 6 7 1 0
699 296 5 7 1 0
876 346 6 7 1 0
708 269 5 7 1 0
626 291 5 7 1 0
790 315 6 7 1 0
731 573 8 10 1 0
366 265 5 7 1 0
557 266 5 7 1 0
506 271 5 7 1 0
900 630 8 10 1 0
534 382 6 7 1 0
240 457 6 7 1 0
441 284 5 7 1 0
918 327 6 7 1 0
726 270 5 7 1 0
797 636 8 10 1 0
261 581 8 10 1 0
909 316 6 7 1 0
246 640 8 10 1 0
159 527 8 10 1 0
760 388 6 7 1 0
60 579 8 10 1 0
993 704 8 10 1 0
764 325 6 7 1 0
387 469 6 7 1 0
287 692 8 10 1 0
856 413 6 7 1 0
471 394 6 7 1 0
85 646 8 10 1 0
650 366 6 7 1 0
564 621 8 10 1 0
737 322 6 7 1 0
427 554 8 10 1 0
458 656 8 10 1 0
404 343 6 7 1 0
374 307 5 7 1 0
838 346 6 7 1 0
398 377 6 7 1 0
634 354 6 7 1 0
595 190 3 2 1 0
197 650 8 10 1 0
210 684 8 10 1 0
290 457 6 7 1 0
709 306 5 7 1 0
718 279 5 7 1 0
716 309 5 7 1 0
898 390 6 7 1 0
587 658 8 10 1 0
474 433 6 7 1 0
898 362 6 7 1 0
577 402 6 7 1 0
400 323 6 7 1 0
553 264 5 7 1 0
606 529 8 10 1 0
939 728 8 10 1 0
891 407 6 7 1 0
407 397 6 7 1 0
725 369 6 7 1 0
369 270 5 7 1 0
500 425 6 7 1 0
444 599 8 10 1 0
261 273 5 7 1 0
329 294 5 7 1 0
352 653 8 10 1 0
387 288 5 7 1 0
722 684 8 10 1 0
187 714 8 10 1 0
565 445 6 7 1 0
510 412 6 7 1 0
762 347 6 7 1 0
520 271 5 7 1 0
387 264 5 7 1 0
408 281 5 7 1 0
262 561 8 10 1 0
685 284 5 7 1 0
878 615 8 10 1 0
831 327 6 7 1 0
52 270 5 7 1 0
719 585 8 10 1 0
782 302 5 7 1 0
283 632 8 10 1 0
930 319 6 7 1 0
317 484 7 8 1 0
961 634 8 10 1 0
176 408 6 7 1 0
639 326 6 7 1 0
682 299 5 7 1 0
769 337 6 7 1 0
29 331 5 7 1 0
906 264 5 7 1 0
843 278 5 7 1 0
308 340 6 7 1 0
714 193 3 2 1 0
869 459 6 7 1 0
589 192 3 2 1 0
994 412 6 7 1 0
723 350 6 7 1 0
284 293 5 7 1 0
35 686 8 10 1 0
981 340 6 7 1 0
676 614 8 10 1 0
379 276 5 7 1 0
334 422 6 7 1 0
899 509 8 10 1 0
340 313 5 7 1 0
724 194 3 2 1 0
782 440 6 7 1 0
349 284 5 7 1 0
523 348 6 7 1 0
599 275 5 7 1 0
588 279 5 7 1 0
436 688 8 10 1 0
494 551 8 10 1 0
326 307 5 7 1 0
624 508 8 10 1 0
450 416 6 7 1 0
546 279 5 7 1 0
690 286 5 7 1 0
980 375 6 7 1 0
937 590 8 10 1 0
551 745 8 10 1 0
281 453 6 7 1 0
916 288 5 7 1 0
432 297 5 7 1 0
272 524 8 10 1 0
293 519 8 10 1 0
364 616 8 10 1 0
292 273 5 7 1 0
990 626 8 10 2 0
640 314 5 7 1 0
732 197 3 2 1 0
741 344 6 7 1 0
77 580 8 10 1 0
457 375 6 7 1 0
720 195 3 2 1 0
390 358 6 7 1 0
193 564 8 10 1 0
747 339 6 7 1 0
908 564 8 10 1 0
285 565 8 10 1 0
153 684 8 10 1 0
488 701 8 10 1 0
335 267 5 7 1 0
393 394 6 7 1 0
392 285 5 7 1 0
378 388 6 7 1 0
865 356 6 7 1 0
73 311 5 7 1 0
548 270 5 7 1 0
89 662 8 10 1 0
438 428 6 7 1 0
693 330 6 7 1 0
937 661 8 10 1 0
518 748 8 10 1 0
941 344 6 7 1 0
17 382 5 7 1 0
879 725 8 10 1 0
386 657 8 10 1 0
319 324 6 7 1 0
426 281 5 7 1 0
476 384 6 7 1 0
18 606 8 10 1 0
444 197 3 2 1 0
604 287 5 7 1 0
359 475 6 7 1 0
315 565 8 10 1 0
932 432 6 7 1 0
165 532 8 10 1 0
941 678 8 10 1 0
337 749 8 10 1 0
504 603 8 10 1 0
146 476 6 7 1 0
882 401 6 7 1 0
811 704 8 10 1 0
339 406 6 7 1 0
35 229 5 7 1 0
780 537 8 10 1 0
278 408 6 7 1 0
976 401 6 7 1 0
395 276 5 7 1 0
771 315 6 7 1 0
557 459 6 7 1 0
534 283 5 7 1 0
742 202 5 7 1 0
836 722 8 10 1 0
726 334 6 7 1 0
683 273 5 7 1 0
752 394 6 7 1 0
435 699 8 10 1 0
752 313 5 7 1 0
747 418 6 7 1 0
453 503 8 10 1 0
865 289 5 7 1 0
335 308 5 7 1 0
323 376 6 7 1 0
401 191 3 3 1 0
290 312 5 7 1 0
580 193 3 2 1 0
334 483 6 7 1 0
413 353 6 7 1 0
742 362 6 7 1 0
103 611 8 10 1 0
727 197 3 2 1 0
490 347 6 7 1 0
516 299 5 7 1 0
725 310 5 7 1 0
569 554 8 10 1 0
786 526 8 10 1 0
915 718 8 10 1 0
348 393 6 7 1 0
866 360 6 7 1 0
687 271 5 7 1 0
581 748 8 10 1 0
34 416 6 7 1 0
331 308 5 7 1 0
654 532 8 10 1 0
414 383 6 7 1 0
724 323 6 7 1 0
306 326 6 7 1 0
761 286 5 7 1 0
465 417 6 7 1 0
65 675 8 10 1 0
566 338 6 7 1 0
748 541 8 10 1 0
745 316 6 7 1 0
411 317 6 7 1 0
546 549 8 10 1 0
305 314 5 7 1 0
935 336 6 7 1 0
749 276 5 7 1 0
123 589 8 10 1 0
675 294 5 7 1 0
641 294 5 7 1 0
823 526 8 10 1 0
679 336 6 7 1 0
506 449 6 7 1 0
302 625 8 10 1 0
708 279 5 7 1 0
583 695 8 10 1 0
550 287 5 7 1 0
371 382 6 7 1 0
540 403 6 7 1 0
345 267 5 7 1 0
422 409 6 7 1 0
765 539 8 10 1 0
973 618 8 10 2 0
263 629 8 10 1 0
348 359 6 7 1 0
676 583 8 10 1 0
475 672 8 10 1 0
1 420 5 7 1 0
816 454 6 7 1 0
685 349 6 7 1 0
401 477 6 7 1 0
20 648 8 10 1 0
552 338 6 7 1 0
246 440 6 7 1 0
401 290 5 7 1 0
639 275 5 7 1 0
209 570 8 10 1 0
875 432 6 7 1 0
25 705 8 10 1 0
708 195 3 2 1 0
450 319 6 7 1 0
423 587 8 10 1 0
729 385 6 7 1 0
230 558 8 10 1 0
921 308 5 7 1 0
415 197 3 2 1 0
314 476 6 7 1 0
127 548 8 10 1 0
394 484 6 7 1 0
676 194 3 2 1 0
333 684 8 10 1 0
4 391 5 7 1 0
44 224 5 7 1 0
480 446 6 7 1 0
734 291 5 7 1 0
418 385 6 7 1 0
473 200 5 7 1 0
574 534 8 10 1 0
549 300 5 7 1 0
981 720 8 10 1 0
226 537 8 10 1 0
240 589 8 10 1 0
592 290 5 7 1 0
352 325 6 7 1 0
347 577 8 10 1 0
676 277 5 7 1 0
715 297 5 7 1 0
979 414 6 7 1 0
722 291 5 7 1 0
357 377 6 7 1 0
502 549 8 10 1 0
975 619 8 10 2 0
391 308 5 7 1 0
720 217 5 7 1 0
755 590 8 10 1 0
897 328 6 7 1 0
26 302 5 7 1 0
784 374 6 7 1 0
805 430 6 7 1 0
455 279 5 7 1 0
477 421 6 7 1 0
125 693 8 10 1 0
693 353 6 7 1 0
358 276 5 7 1 0
794 379 6 7 1 0
520 291 5 7 1 0
401 382 6 7 1 0
85 571 8 10 1 0
369 693 8 10 1 0
584 192 3 2 1 0
933 369 6 7 1 0
740 271 5 7 1 0
681 410 6 7 1 0
759 284 5 7 1 0
538 599 8 10 1 0
526 287 5 7 1 0
742 196 3 2 1 0
398 266 5 7 1 0
771 587 8 10 1 0
714 337 6 7 1 0
571 597 8 10 1 0
687 318 6 7 1 0
866 273 5 7 1 0
473 558 8 10 1 0
419 524 8 10 1 0
204 685 8 10 1 0
700 265 5 7 1 0
156 654 8 10 1 0
340 361 6 7 1 0
645 336 6 7 1 0
367 653 8 10 1 0
433 318 6 7 1 0
248 561 8 10 1 0
493 200 5 7 1 0
111 683 8 10 1 0
406 542 8 10 1 0
975 681 8 10 2 0
612 284 5 7 1 0
631 193 3 2 1 0
598 631 8 10 1 0
445 281 5 7 1 0
54 677 8 10 1 0
124 575 8 10 1 0
594 286 5 7 1 0
780 313 5 7 1 0
65 560 8 10 1 0
833 366 6 7 1 0
901 609 8 10 1 0
544 298 5 7 1 0
852 301 5 7 1 0
44 617 8 10 1 0
418 396 6 7 1 0
900 330 6 7 1 0
350 310 5 7 1 0
509 286 5 7 1 0
253 551 8 10 1 0
579 199 5 7 1 0
829 401 6 7 1 0
553 269 5 7 1 0
571 510 8 10 1 0
962 538 8 10 1 0
337 399 6 7 1 0
445 270 5 7 1 0
